0,17
1,7
2,12
3,45
4,41
5,21
6,29
7,23
8,5
9,39
10,1
11,16
12,3
13,22
14,36
15,32
16,13
17,14
18,10
19,47
20,11
21,27
22,19
23,9
24,35
25,38
26,17
27,15
28,4
29,6
30,7
31,8
32,28
33,12
34,5
35,20
36,21
37,18
38,66
39,53
40,16
41,22
42,50
43,14
44,23
45,13
46,41
47,10
48,11
49,71
50,19
51,24
52,17
53,9
54,15
55,29
56,26
57,25
58,27
59,28
60,30
61,20
62,31
63,21
64,32
65,40
66,33
67,38
68,39
69,50
70,34
71,37
72,51
73,72
74,100
75,36
76,65
77,53
78,24
79,42
80,57
81,41
82,44
83,74
84,45
85,81
86,54
87,52
88,55
89,88
90,105
91,70
92,60
93,58
94,61
95,91
96,66
97,68
98,77
99,89
100,69
101,94
102,65
103,113
104,83
105,164
106,85
107,96
108,106
109,97
110,120
111,117
112,180
113,115
114,118
115,119
116,157
117,131
118,123
119,138
120,133
121,281
122,137
123,134
124,154
125,148
126,150
127,161
128,179
129,211
130,181
131,182
132,215
133,203
134,217
135,232
136,233
137,237
138,234
139,241
140,267
141,254
142,256
143,257
144,270
145,403
146,271
147,282
148,284
149,298
150,384
151,311
152,340
153,360
154,398
155,416
156,385
157,418
158,834
159,569
160,465
161,702
162,491
163,511
164,524
165,1403
166,510
167,513
168,624
169,541
170,714
171,1037
172,566
173,582
174,2237
175,651
176,671
177,700
178,1079
179,881
180,942
181,803
182,909
183,1082
184,1466
185,956
186,1524
187,1001
188,1619
189,1023
190,1051
191,1054
192,1095
193,1107
194,1123
195,1148
196,1217
197,1253
198,1233
199,1322
200,1351
201,1503
202,1609
203,1684
204,1745
205,1943
206,1712
207,1865
208,1957
209,1979
210,2118
211,2243
212,2376
213,2539
214,2417
215,2105
216,4361
217,6479
218,2381
219,4097
220,4060
221,3609
222,2486
223,2825
224,4956
225,2854
226,3922
227,3293
228,4075
229,3457
230,3577
231,3669
232,3822
233,4062
234,4084
235,7637
236,7390
237,4793
238,4522
239,6118
240,4486
241,5311
242,4867
243,5206
244,6095
245,5340
246,5679
247,7906
248,6147
249,7379
250,10911
251,6750
252,11272
253,14140
254,7034
255,10812
256,7491
257,8929
258,8146
259,8570
260,12701
261,9008
262,12013
263,9353
264,9692
265,9826
266,11014
267,10073
268,14001
269,15604
270,11826
271,12429
272,12897
273,16103
274,13784
275,24912
276,18262
277,17154
278,22825
279,16844
280,30316
281,15637
282,25296
283,33998
284,17578
285,18361
286,35840
287,19179
288,19045
289,19518
290,29583
291,22840
292,24074
293,24255
294,24723
295,36757
296,26213
297,26681
298,39669
299,33302
300,33899
301,32481
302,43657
303,33215
304,35889
305,40360
306,50842
307,35939
308,37879
309,36623
310,37406
311,42019
312,55668
313,43119
314,59515
315,46914
316,47095
317,48329
318,48978
319,51404
320,64087
321,52894
322,68420
323,72841
324,65696
325,66380
326,68370
327,69104
328,69154
329,74029
330,72562
331,73818
332,79742
333,74502
334,78642
335,84501
336,85138
337,116937
338,90033
339,94009
340,95243
341,139725
342,97307
343,100382
344,146903
345,116981
346,118590
347,134066
348,132076
349,138258
350,134750
351,178510
352,141666
353,141716
354,146591
355,173885
356,148320
357,153144
358,195623
359,275782
360,169639
361,175171
362,184042
363,187340
364,229993
365,286316
366,235132
367,215897
368,521448
369,235571
370,249057
371,250666
372,266142
373,266826
374,273008
375,276416
376,289986
377,321762
378,288307
379,294911
380,463478
381,362511
382,322783
383,470358
384,465157
385,344810
386,425837
387,371382
388,501958
389,445890
390,516808
391,583218
392,501713
393,484628
394,715823
395,499723
396,517492
397,992239
398,539834
399,617694
400,564723
401,644545
402,610069
403,611090
404,657422
405,667593
406,685294
407,694165
408,716192
409,770647
410,790700
411,797219
412,871105
413,1103312
414,945613
415,984351
416,1067846
417,986341
418,1002120
419,1017215
420,1039557
421,1057326
422,1381737
423,1157528
424,1254614
425,1209268
426,1267491
427,1221159
428,1268512
429,1325015
430,1458293
431,1567866
432,1410357
433,1486839
434,1561347
435,1783560
436,2255512
437,1857446
438,1929964
439,1986471
440,2270632
441,2392861
442,2238374
443,2041677
444,2197085
445,3816859
446,2412142
447,2426040
448,2366796
449,2677848
450,3250945
451,2488650
452,2489671
453,2593527
454,3975489
455,2868650
456,2897196
457,2971704
458,3048186
459,3344907
460,3641006
461,4269588
462,3787410
463,3971641
464,4353267
465,4685735
466,8502594
467,4238762
468,6053148
469,5840354
470,4838182
471,4792836
472,4915711
473,5167519
474,6947436
475,9627764
476,7132317
477,5083198
478,6868837
479,5765846
480,5868900
481,8064715
482,8870608
483,6393093
484,6985913
485,7428416
486,7759051
487,15739445
488,11078828
489,11785618
490,8924497
491,14555742
492,11186198
493,9631018
494,12551887
495,22620457
496,9708547
497,9998909
498,10250717
499,10849044
500,14457808
501,10952098
502,11476291
503,28291332
504,11634746
505,12261993
506,15050628
507,35277245
508,18711149
509,16683548
510,15187467
511,17390069
512,19175214
513,18555515
514,26190488
515,21727008
516,19339565
517,19629927
518,19707456
519,19959264
520,21202815
521,20249626
522,20847953
523,30190261
524,21801142
525,22586844
526,23111037
527,36390282
528,23896739
529,26685374
530,40832742
531,30238095
532,33898616
533,31871015
534,35945584
535,32577536
536,64729481
537,38805141
538,37895080
539,39337383
540,41508598
541,53073830
542,39666720
543,41452441
544,40208890
545,52039237
546,41097579
547,43434797
548,45697881
549,44912179
550,68808918
551,62815631
552,50582113
553,62109110
554,66022757
555,85906771
556,71335674
557,73323456
558,64448551
559,72244256
560,70472616
561,86009758
562,79004103
563,77232463
564,79546273
565,79875610
566,80764299
567,96951416
568,86364620
569,81306469
570,123310407
571,84532376
572,129444555
573,90610060
574,143255220
575,112691223
576,206070851
577,138267013
578,126557661
579,149476719
580,134921167
581,159688076
582,136692807
583,170485670
584,150348226
585,209675027
586,157108073
587,163536479
588,156778736
589,243472693
590,160639909
591,162070768
592,165838845
593,167671089
594,171916529
595,175142436
596,247612390
597,203301283
598,306791699
599,306837696
600,249384030
601,261478828
602,263250468
603,271613974
604,284397886
605,327909613
606,317418645
607,300229286
608,307126962
609,310988135
610,317747982
611,400580766
612,318849504
613,322617581
614,322710677
615,326478754
616,329741857
617,333509934
618,347058965
619,378443719
620,574091144
621,450913673
622,526011960
623,512634498
624,520998004
625,656220611
626,1056801377
627,534864442
628,556011860
629,684978652
630,607356248
631,617977268
632,611217421
633,629837639
634,779024485
635,976925633
636,900569898
637,641467085
638,645328258
639,1180192700
640,1077009864
641,663251791
642,797972638
643,725502684
644,1173989128
645,985778115
646,963548171
647,1082023820
648,1033632502
649,1237193887
650,1090876302
651,1241055060
652,1142220690
653,1163368108
654,1922172539
655,1370830942
656,1427810277
657,1252684506
658,1408862124
659,1286795343
660,1388754475
661,1304718876
662,1124361034
663,1308580049
664,1461224429
665,1523475322
666,1783750753
667,1867723374
668,1759135186
669,2172900122
670,2019410617
671,2695657467
672,2591178385
673,2197000610
674,2215237336
675,2233096992
676,2266581724
677,2287729142
678,3070546096
679,2513115509
680,2377045540
681,2411156377
682,3092330802
683,2429079910
684,3974372522
685,2432941083
686,2585585463
687,3894165512
688,3244975182
689,2984699751
690,5677916265
691,5570285214
692,3626858560
693,3778545803
694,4192310739
695,4484729752
696,4412237946
697,4430097602
698,4448334328
699,4481819060
700,4520826134
701,4643627264
702,4664774682
703,7726794242
704,7819169299
705,4809986623
706,4840236287
707,7023520985
708,4862020993
709,6881275411
710,5018526546
711,7067404523
712,8039096506
713,6763245554
714,7414797353
715,7405404363
716,8190783749
717,15132198605
718,14954029303
719,9032547026
720,19972434892
721,8930153388
722,8878431930
723,9505648257
724,9526795675
725,9164453398
726,9308401946
727,18197000424
728,11885541978
729,14286679774
730,12901117499
731,12042047531
732,9880547539
733,14388816668
734,11781772100
735,19109452054
736,13830650077
737,21779549429
738,14168649917
739,17696432006
740,22359433666
741,17069215679
742,17910978956
743,22760803465
744,17808585318
745,21206500929
746,18042885328
747,18186833876
748,27361453822
749,25716192055
750,25612422177
751,21193943924
752,21662319639
753,22781665038
754,36097812832
755,32017483953
756,21922595070
757,25950422017
758,43759007335
759,38275716608
760,36091244987
761,31527082083
762,31237865596
763,35256049555
764,34765647685
765,39236829252
766,49928462909
767,35719564274
768,35851470646
769,35995419194
770,36229719204
771,39380777800
772,39849153515
773,53311875839
774,72225138398
775,43584914709
776,67378552729
777,44443984677
778,96896790548
779,47873017087
780,58152314274
781,65799575532
782,61945841211
783,92692653639
784,62764947679
785,71087019111
786,66003513281
787,66957429870
788,88028899386
789,101794994726
790,132472884063
791,71571034920
792,71714983468
793,71846889840
794,75376196994
795,75610497004
796,79229931315
797,160254037784
798,91457931796
799,92317001764
800,124155827555
801,113876530368
802,106025331361
803,176126721863
804,167927498768
805,131803088813
806,134335982599
807,137574548201
808,128768460960
809,137718496749
810,200339495880
811,338057992629
812,138528464790
813,159743882854
814,143286018388
815,143417924760
816,251201814650
817,154840428319
818,203385758870
819,150986693998
820,171546933079
821,170687863111
822,183774933560
823,229891549965
824,265769214215
825,289800264921
826,219901861729
827,293368893109
828,471103676379
829,277622000987
830,310730576852
831,263104443559
832,266343009161
833,266486957709
834,276246961539
835,355179924199
836,281946389550
837,281814483178
838,346671777258
839,286703943148
840,691005538108
841,380878243963
842,305827122317
843,440786958919
844,321674557109
845,342234796190
846,354462796671
847,465721323110
848,513270754838
849,562950904687
850,483006305288
851,619856797177
852,529447452720
853,1076221659525
854,558061444717
855,529591401268
856,532829966870
857,542589970700
858,542733919248
859,558193351089
860,563760872728
861,592531065465
862,587641605495
863,1178050148266
864,641166739819
865,723113040153
866,660289918988
867,762461516028
868,998551289980
869,663909353299
870,696697592861
871,1025740224536
872,1122122466733
873,996277060126
874,1091023317959
875,1012453758008
876,1087652845985
877,1556612734697
878,1062421368138
879,1183756710519
880,1072325320516
881,1085323889948
882,1100783321789
883,1100927270337
884,1121954223817
885,1151402478223
886,1301456658807
887,1583918665621
888,2011005047988
889,1305076093118
890,1324199272287
891,1747942764973
892,1754932671258
893,1676363111307
894,1360606946160
895,1692974652987
896,2097060381915
897,2113237079797
898,2113381028345
899,2074875126146
900,2084779078524
901,2172976735933
902,2157649210464
903,3309051688687
904,2201710592126
905,3478052829051
906,2186107211737
907,2222737545606
908,2222881494154
909,2827765589530
910,2456478571341
911,2606532751925
912,2629275365405
913,5531933182841
914,2684806218447
915,3000562383594
916,3036970057467
917,3053581599147
918,3369337764294
919,3473987974505
920,4679216116947
921,4159654204670
922,4188112205943
923,5121749135991
924,4257755814457
925,6644590777284
926,8532495566435
927,5255292191273
928,4424592086280
929,8568903240308
930,4445619039760
931,4408844757343
932,5998613129699
933,4679360065495
934,5063011323266
935,8099981380733
936,5235808117330
937,5314081583852
938,5685368602041
939,5721776275914
940,8870211126040
941,6090551656614
942,7241693805090
943,7627093578751
944,9320767137723
945,9934652256768
946,8605273244430
947,8445868020400
948,8703374854217
949,10348307471071
950,8833436843623
951,8854463797103
952,9681427157090
953,9088204822838
954,9471856080609
955,9508630363026
956,9644652874673
957,9915168182825
958,10377092907118
959,10298819440596
960,10549889701182
961,10921176719371
962,16481557375854
963,11407144877955
964,11812327932528
965,14793926510831
966,14868787383841
967,18384802011307
968,19465297729956
969,33178728522138
970,17149242874617
971,18077129325039
972,18618543037042
973,17942668619941
974,17921641666461
975,18478089718296
976,18326319877712
977,25418677085023
978,18560060903447
979,18980486443635
980,19153283237699
981,19559821057498
982,20213987623421
983,21219996159967
984,36247961544173
985,21471066420553
986,22328321597326
987,26275932261796
988,41481604835025
989,26606254443359
990,40031127324000
991,32018030258458
992,35709303778064
993,35070884541078
994,39413735040494
995,35091911494558
996,37771826274741
997,37713344141146
998,43978737988470
999,36399731384757
